{
 "cells": [
  {
   "cell_type": "code",
   "execution_count": 1,
   "id": "3ab2e055-fd37-4d20-ac8c-7ae8c7e0f047",
   "metadata": {},
   "outputs": [],
   "source": [
    "from os import remove\n",
    "from os.path import join\n",
    "from re import compile, search, findall\n",
    "from numpy import (\n",
    "    ndarray,\n",
    "    array,\n",
    "    ascontiguousarray,\n",
    "    zeros,\n",
    "    empty,\n",
    "    any,\n",
    "    diagonal,\n",
    "    int64,\n",
    "    float64,\n",
    "    complex128,\n",
    ")\n",
    "from h5py import File\n",
    "from typing import Tuple\n",
    "from numpy.linalg import eigh, eigvalsh\n",
    "\n"
   ]
  },
  {
   "cell_type": "code",
   "execution_count": 2,
   "id": "f42837b3-d43a-4a36-bce8-c799643410b8",
   "metadata": {},
   "outputs": [],
   "source": [
    "import pandas as pd\n",
    "import matplotlib.pyplot as plt\n",
    "import matplotlib.cm as cm\n",
    "import numpy as np\n",
    "import h5py\n",
    "import numpy as np\n",
    "import matplotlib.pyplot as plt\n",
    "import pandas as pd\n",
    "def gaussian(x, mu, sigma, area):\n",
    "    normalization = area / (sigma * np.sqrt(2 * np.pi))\n",
    "    return normalization * np.exp(-0.5 * ((x - mu) / sigma) ** 2)\n",
    "\n",
    "def lorentzian(x, mu, gamma, area):\n",
    "    \n",
    "    return area / (np.pi) * (gamma) / ((x - mu)**2 + gamma**2)\n",
    "def convolute_spectral_lines_l(energies, intensities, fwhm, resolution=1000):\n",
    "    sigma = fwhm / (2 * np.sqrt(2 * np.log(2)))\n",
    "    x_min, x_max = min(energies) - 5 * fwhm, max(energies) + 5 * fwhm\n",
    "    x_values = np.linspace(x_min, x_max, resolution)\n",
    "    conv_spectrum = np.zeros_like(x_values)\n",
    "\n",
    "    for energy, intensity in zip(energies, intensities):\n",
    "        area = intensity  # Assuming intensity is proportional to the desired area\n",
    "        conv_spectrum += lorentzian(x_values, energy, sigma, area)\n",
    "\n",
    "    return x_values, conv_spectrum\n",
    "\n",
    "def convolute_spectral_lines_g(energies, intensities, fwhm, resolution=1000):\n",
    "    sigma = fwhm / (2 * np.sqrt(2 * np.log(2)))\n",
    "    x_min, x_max = min(energies) - 5 * fwhm, max(energies) + 5 * fwhm\n",
    "    x_values = np.linspace(x_min, x_max, resolution)\n",
    "    conv_spectrum = np.zeros_like(x_values)\n",
    "\n",
    "    for energy, intensity in zip(energies, intensities):\n",
    "        area = intensity  # Assuming intensity is proportional to the desired area\n",
    "        conv_spectrum += gaussian(x_values, energy, sigma, area)\n",
    "\n",
    "    return x_values, conv_spectrum\n",
    "def relative_boltzmann_distribution(x, y, T):\n",
    "\n",
    "    k = 3.166811563e-6  # Boltzmann constant in a.u./K\n",
    "    delta_E = y - x   # Energy difference\n",
    "\n",
    "    return np.exp(-delta_E / (k * T)) "
   ]
  },
  {
   "cell_type": "code",
   "execution_count": 3,
   "id": "70d670e9-0c8d-41f4-91e8-ede80f2d7e4f",
   "metadata": {},
   "outputs": [],
   "source": [
    "def _get_orca_blocks_size_new(orca_filepath: str) -> tuple[int, int, int]:\n",
    "    \n",
    "    with open(orca_filepath, \"r\") as file:\n",
    "        regex = compile(r\"SOC MATRIX \\(A\\.U\\.\\)\\n\")\n",
    "        so_dim = -1\n",
    "        for line in file:\n",
    "            if regex.search(line):\n",
    "                for _ in range(4):\n",
    "                    file.readline()\n",
    "                for line in file:\n",
    "                    elements = findall(r'[-+]?\\d*\\.\\d+|[+-]?\\d+', line)\n",
    "                    so_dim += 1\n",
    "                    if len(elements) == 6:\n",
    "                        break\n",
    "                break\n",
    "\n",
    "\n",
    " \n",
    "\n",
    "    num_blocks = so_dim // 6\n",
    "    num_of_whole_blocks = num_blocks\n",
    "    remaining_columns = so_dim % 6\n",
    "\n",
    "    if remaining_columns != 0:\n",
    "        num_blocks += 1 \n",
    "\n",
    "\n",
    "    return so_dim, num_of_whole_blocks, remaining_columns"
   ]
  },
  {
   "cell_type": "code",
   "execution_count": 4,
   "id": "258bcad8-1853-424a-930f-8283a96d6181",
   "metadata": {},
   "outputs": [],
   "source": [
    "def _orca_reader(\n",
    "    so_dim: int,\n",
    "    num_of_whole_blocks: int,\n",
    "    remaining_columns: int,\n",
    "    file, #passing the open file\n",
    ") -> array:\n",
    "    matrix = empty((so_dim, so_dim), dtype=float64)\n",
    "    l = 0\n",
    "    for _ in range(num_of_whole_blocks):\n",
    "        file.readline()  # Skip a line before each block of 6 columns\n",
    "        for i in range(so_dim):\n",
    "            line = file.readline()\n",
    "            elements = findall(r'[-+]?\\d*\\.\\d+', line)\n",
    "            for j in range(6):       \n",
    "                matrix[i, l + j] = float64(elements[j])\n",
    "        l += 6\n",
    "        \n",
    "    if remaining_columns > 0:\n",
    "        file.readline()  # Skip a line before the remaining columns\n",
    "        for i in range(so_dim):\n",
    "            line = file.readline()\n",
    "            elements = findall(r'[-+]?\\d*\\.\\d+', line)\n",
    "            for j in range(remaining_columns):\n",
    "                matrix[i, l + j] = float64(elements[j])\n",
    "\n",
    "    return matrix\n",
    "    "
   ]
  },
  {
   "cell_type": "code",
   "execution_count": 5,
   "id": "a8d8d7c1-85d1-4408-b6e3-7e4fec1b54b7",
   "metadata": {},
   "outputs": [],
   "source": [
    "def _orca_to_slt(orca_filepath: str, slt_filepath: str, group_name: str, pt2: bool, electric_dipole_momenta: bool, ssc: bool) -> None:\n",
    "    \n",
    "    # Retrieve dimensions and block sizes for spin-orbit calculations\n",
    "    (so_dim, num_of_whole_blocks, remaining_columns) = _get_orca_blocks_size_new(orca_filepath)\n",
    "    \n",
    "    # Create HDF5 file and ORCA group\n",
    "    with File(f\"{slt_filepath}\", \"a\") as slt:\n",
    "        group = slt.create_group(group_name)\n",
    "        group.attrs[\"Type\"] = \"HAMILTONIAN\"\n",
    "        group.attrs[\"Kind\"] = \"ORCA\"\n",
    "        if ssc:\n",
    "            group.attrs[\"Energies\"] = \"SSC_ENERGIES\"\n",
    "        else:\n",
    "            group.attrs[\"Energies\"] = \"SOC_ENERGIES\" \n",
    "        if electric_dipole_momenta:\n",
    "            group.attrs[\"Additional\"] = \"ELECTRIC_DIPOLE_MOMENTA\"\n",
    "        group.attrs[\"Description\"] = \"Relativistic ORCA results.\"\n",
    "\n",
    "        # Extract and process matrices\n",
    "        pattern_type = [[r\"SOC and SSC MATRIX\\s*\\(A\\.U\\.\\)\\s*\"]] if ssc else [[r\"SOC MATRIX\\s*\\(A\\.U\\.\\)\\s*\"]]\n",
    "        pattern_type += [[r\"SX MATRIX IN CI BASIS\\n\", r\"SY MATRIX IN CI BASIS\\n\", r\"SZ MATRIX IN CI BASIS\\n\"], [r\"LX MATRIX IN CI BASIS\\n\", r\"LY MATRIX IN CI BASIS\\n\", r\"LZ MATRIX IN CI BASIS\\n\"]]\n",
    "        matrix_type = [\"STATES_ENERGIES\", \"SPINS\", \"ANGULAR_MOMENTA\"]\n",
    "        descriptions = [\"States energies.\", \"Sx, Sy, and Sz spin matrices in the SOC basis [(x-0, y-1, z-2), :, :].\", \"Lx, Ly, and Lz angular momentum matrices in the SOC basis [(x-0, y-1, z-2), :, :].\"]\n",
    "\n",
    "        if electric_dipole_momenta:\n",
    "            #pattern_type.append([r\"Matrix TX\", r\"Matrix TY\", r\"Matrix TZ\"])\n",
    "            \n",
    "            pattern_type.append([r\"Matrix EDX in CI Basis\\n\", r\"Matrix EDY in CI Basis\\n\", r\"Matrix EDZ in CI Basis\\n\"])\n",
    "            matrix_type.append(\"ELECTRIC_DIPOLE_MOMENTA\")\n",
    "            descriptions.append(\"Px, Py, and Pz electric dipole momentum\")\n",
    "            \n",
    "        final_number = (3 if ssc else 1) + (1 if pt2 else 0)\n",
    "        energy_final_number = 2 if pt2 else 1\n",
    "\n",
    "        for matrix, patterns, description in zip(matrix_type, pattern_type, descriptions):\n",
    "            if matrix == \"STATES_ENERGIES\":\n",
    "                dataset = group.create_dataset(f\"{matrix}\", shape = so_dim, dtype = float64, chunks = True)\n",
    "            else:\n",
    "                dataset = group.create_dataset(f\"{matrix}\", shape = (3, so_dim, so_dim), dtype = complex128, chunks = True)\n",
    "            \n",
    "            dataset.attrs[\"Description\"] = description\n",
    "\n",
    "            for index, pattern in enumerate(patterns):\n",
    "                regex = compile(pattern)\n",
    "          \n",
    "                with open(f\"{orca_filepath}\", \"r\") as file:\n",
    "                    matrix_number = 0\n",
    "                    for line in file:\n",
    "                        if regex.search(line):\n",
    "                            matrix_number += 1\n",
    "                            if matrix == \"STATES_ENERGIES\":\n",
    "                                final_number =  energy_final_number  \n",
    "                            if matrix_number == final_number:\n",
    "                                print(matrix_number)\n",
    "                                #for _ in range(1):\n",
    "                                        #line=file.readline()\n",
    "                                        #print(line)\n",
    "                                if matrix != \"ELECTRIC_DIPOLE_MOMENTA\":\n",
    "                                    for _ in range(3):\n",
    "                                        file.readline() # Skip the first 3 lines if not electric dipole momenta\n",
    "                                else:\n",
    "                                    for _ in range(0):\n",
    "                                        line=file.readline()\n",
    "                                        print(line)\n",
    "                                data = _orca_reader(so_dim, num_of_whole_blocks, remaining_columns, file)\n",
    "                                if matrix == \"ELECTRIC_DIPOLE_MOMENTA\":\n",
    "                                    print(data)\n",
    "                                if matrix == \"STATES_ENERGIES\":\n",
    "                                    for _ in range(2):\n",
    "                                        file.readline()  # Skip 2 lines separating real and imaginary part\n",
    "                                    data_imag = _orca_reader(so_dim, num_of_whole_blocks, remaining_columns, file)\n",
    "                                    energy_matrix = array(data + 1j * data_imag, dtype=complex128)\n",
    "                                    energies, eigenvectors = eigh(energy_matrix)\n",
    "                                    dataset[:] = energies - min(energies)  # Assign energies to the dataset\n",
    "                                else:\n",
    "                                   \n",
    "                                    transformed_data = (eigenvectors.conj().T @ data @ eigenvectors)\n",
    "                                    dataset[index] = transformed_data[:]# Assign transformed matrix\n",
    "\n",
    "                                break\n",
    "\n",
    "            \n"
   ]
  },
  {
   "cell_type": "code",
   "execution_count": 6,
   "id": "5f42fa52-0774-4fa8-b511-4487fd15c083",
   "metadata": {},
   "outputs": [
    {
     "name": "stdout",
     "output_type": "stream",
     "text": [
      "1\n",
      "1\n",
      "1\n",
      "1\n",
      "1\n",
      "1\n",
      "1\n",
      "1\n",
      "[[-0.        0.237271  0.011171  0.000768 -0.042795 -0.171818 -0.0075\n",
      "   0.        0.        0.        0.        0.        0.        0.      ]\n",
      " [-0.237271  0.        0.001567 -0.008209  0.006014 -0.004354  0.046066\n",
      "   0.        0.        0.        0.        0.        0.        0.      ]\n",
      " [-0.011171 -0.001567  0.        0.036444 -0.014314  0.007873 -0.003915\n",
      "   0.        0.        0.        0.        0.        0.        0.      ]\n",
      " [-0.000768  0.008209 -0.036444 -0.        0.002886 -0.022463 -0.007656\n",
      "   0.        0.        0.        0.        0.        0.        0.      ]\n",
      " [ 0.042795 -0.006014  0.014314 -0.002886 -0.        0.012043 -0.05335\n",
      "   0.        0.        0.        0.        0.        0.        0.      ]\n",
      " [ 0.171818  0.004354 -0.007873  0.022463 -0.012043 -0.       -0.19776\n",
      "   0.        0.        0.        0.        0.        0.        0.      ]\n",
      " [ 0.0075   -0.046066  0.003915  0.007656  0.05335   0.19776  -0.\n",
      "   0.        0.        0.        0.        0.        0.        0.      ]\n",
      " [ 0.        0.        0.        0.        0.        0.        0.\n",
      "  -0.        0.237271  0.011171  0.000768 -0.042795 -0.171818 -0.0075  ]\n",
      " [ 0.        0.        0.        0.        0.        0.        0.\n",
      "  -0.237271  0.        0.001567 -0.008209  0.006014 -0.004354  0.046066]\n",
      " [ 0.        0.        0.        0.        0.        0.        0.\n",
      "  -0.011171 -0.001567  0.        0.036444 -0.014314  0.007873 -0.003915]\n",
      " [ 0.        0.        0.        0.        0.        0.        0.\n",
      "  -0.000768  0.008209 -0.036444 -0.        0.002886 -0.022463 -0.007656]\n",
      " [ 0.        0.        0.        0.        0.        0.        0.\n",
      "   0.042795 -0.006014  0.014314 -0.002886 -0.        0.012043 -0.05335 ]\n",
      " [ 0.        0.        0.        0.        0.        0.        0.\n",
      "   0.171818  0.004354 -0.007873  0.022463 -0.012043 -0.       -0.19776 ]\n",
      " [ 0.        0.        0.        0.        0.        0.        0.\n",
      "   0.0075   -0.046066  0.003915  0.007656  0.05335   0.19776  -0.      ]]\n",
      "1\n",
      "[[-0.        0.001752  0.004312 -0.028541 -0.091343  0.023793  0.00514\n",
      "   0.        0.        0.        0.        0.        0.        0.      ]\n",
      " [-0.001752 -0.       -0.07969   0.002504 -0.003175 -0.003411  0.001601\n",
      "   0.        0.        0.        0.        0.        0.        0.      ]\n",
      " [-0.004312  0.07969  -0.       -0.001997  0.023165  0.07458   0.006944\n",
      "   0.        0.        0.        0.        0.        0.        0.      ]\n",
      " [ 0.028541 -0.002504  0.001997 -0.       -0.00164  -0.002355  0.004484\n",
      "   0.        0.        0.        0.        0.        0.        0.      ]\n",
      " [ 0.091343  0.003175 -0.023165  0.00164   0.        0.005087 -0.063755\n",
      "   0.        0.        0.        0.        0.        0.        0.      ]\n",
      " [-0.023793  0.003411 -0.07458   0.002355 -0.005087  0.        0.012638\n",
      "   0.        0.        0.        0.        0.        0.        0.      ]\n",
      " [-0.00514  -0.001601 -0.006944 -0.004484  0.063755 -0.012638  0.\n",
      "   0.        0.        0.        0.        0.        0.        0.      ]\n",
      " [ 0.        0.        0.        0.        0.        0.        0.\n",
      "  -0.        0.001752  0.004312 -0.028541 -0.091343  0.023793  0.00514 ]\n",
      " [ 0.        0.        0.        0.        0.        0.        0.\n",
      "  -0.001752 -0.       -0.07969   0.002504 -0.003175 -0.003411  0.001601]\n",
      " [ 0.        0.        0.        0.        0.        0.        0.\n",
      "  -0.004312  0.07969  -0.       -0.001997  0.023165  0.07458   0.006944]\n",
      " [ 0.        0.        0.        0.        0.        0.        0.\n",
      "   0.028541 -0.002504  0.001997 -0.       -0.00164  -0.002355  0.004484]\n",
      " [ 0.        0.        0.        0.        0.        0.        0.\n",
      "   0.091343  0.003175 -0.023165  0.00164   0.        0.005087 -0.063755]\n",
      " [ 0.        0.        0.        0.        0.        0.        0.\n",
      "  -0.023793  0.003411 -0.07458   0.002355 -0.005087  0.        0.012638]\n",
      " [ 0.        0.        0.        0.        0.        0.        0.\n",
      "  -0.00514  -0.001601 -0.006944 -0.004484  0.063755 -0.012638  0.      ]]\n",
      "1\n",
      "[[ 0.       -0.015074  0.177005 -0.001987  0.000632  0.015108  0.01385\n",
      "   0.        0.        0.        0.        0.        0.        0.      ]\n",
      " [ 0.015074  0.        0.002196  0.05391  -0.046018  0.015798 -0.011364\n",
      "   0.        0.        0.        0.        0.        0.        0.      ]\n",
      " [-0.177005 -0.002196 -0.       -0.006487  0.009755 -0.002416  0.142033\n",
      "   0.        0.        0.        0.        0.        0.        0.      ]\n",
      " [ 0.001987 -0.05391   0.006487 -0.        0.048962  0.191209  0.010464\n",
      "   0.        0.        0.        0.        0.        0.        0.      ]\n",
      " [-0.000632  0.046018 -0.009755 -0.048962  0.       -0.059226 -0.007291\n",
      "   0.        0.        0.        0.        0.        0.        0.      ]\n",
      " [-0.015108 -0.015798  0.002416 -0.191209  0.059226 -0.        0.026115\n",
      "   0.        0.        0.        0.        0.        0.        0.      ]\n",
      " [-0.01385   0.011364 -0.142033 -0.010464  0.007291 -0.026115 -0.\n",
      "   0.        0.        0.        0.        0.        0.        0.      ]\n",
      " [ 0.        0.        0.        0.        0.        0.        0.\n",
      "   0.       -0.015074  0.177005 -0.001987  0.000632  0.015108  0.01385 ]\n",
      " [ 0.        0.        0.        0.        0.        0.        0.\n",
      "   0.015074  0.        0.002196  0.05391  -0.046018  0.015798 -0.011364]\n",
      " [ 0.        0.        0.        0.        0.        0.        0.\n",
      "  -0.177005 -0.002196 -0.       -0.006487  0.009755 -0.002416  0.142033]\n",
      " [ 0.        0.        0.        0.        0.        0.        0.\n",
      "   0.001987 -0.05391   0.006487 -0.        0.048962  0.191209  0.010464]\n",
      " [ 0.        0.        0.        0.        0.        0.        0.\n",
      "  -0.000632  0.046018 -0.009755 -0.048962  0.       -0.059226 -0.007291]\n",
      " [ 0.        0.        0.        0.        0.        0.        0.\n",
      "  -0.015108 -0.015798  0.002416 -0.191209  0.059226 -0.        0.026115]\n",
      " [ 0.        0.        0.        0.        0.        0.        0.\n",
      "  -0.01385   0.011364 -0.142033 -0.010464  0.007291 -0.026115 -0.      ]]\n"
     ]
    }
   ],
   "source": [
    "_orca_to_slt('Yb_bpdo_casscf_nevpt2_dipmom2_x2c.out', 'Nd_CN_MeOH', 'bas5', False, True, False)"
   ]
  },
  {
   "cell_type": "code",
   "execution_count": 11,
   "id": "1f59f060-81a9-432a-9aad-d198a0b1cdd2",
   "metadata": {},
   "outputs": [
    {
     "name": "stdout",
     "output_type": "stream",
     "text": [
      "[           inf 6.26218038e+12 6.55904898e+03 6.55904897e+03\n",
      " 3.82028046e+03 3.82028046e+03 3.00941268e+03 3.00941268e+03\n",
      " 2.29861056e+03 2.29861056e+03 1.97156840e+03 1.97156840e+03\n",
      " 1.49179006e+03 1.49179006e+03]\n"
     ]
    },
    {
     "name": "stderr",
     "output_type": "stream",
     "text": [
      "/tmp/ipykernel_3035931/1327716648.py:18: RuntimeWarning: divide by zero encountered in divide\n",
      "  data = 1e7/(data*219474.6)\n"
     ]
    }
   ],
   "source": [
    "with File('Nd_CN_MeOH', 'r') as file:\n",
    "\n",
    "    def print_attrs(name, obj):\n",
    "        print(name)\n",
    "        for key, val in obj.attrs.items():\n",
    "            print(\"    %s: %s\" % (key, val))\n",
    "\n",
    "    #file.visititems(print_attrs)\n",
    "    data = file['bas5/STATES_ENERGIES'][:]\n",
    "    dipmom = zeros((3,14, 14), dtype=complex128)\n",
    "    dipmom[0][:] = file['bas5/ELECTRIC_DIPOLE_MOMENTA'][0]\n",
    "    dipmom[1][:] = file['bas5/ELECTRIC_DIPOLE_MOMENTA'][1]\n",
    "    dipmom[2][:]=file['bas5/ELECTRIC_DIPOLE_MOMENTA'][2]\n",
    "\n",
    "    \n",
    "   # data = 1e7/(data*219474.6)\n",
    "    data=data-data[0]\n",
    "    data = 1e7/(data*219474.6)\n",
    "    print(data)"
   ]
  },
  {
   "cell_type": "code",
   "execution_count": 9,
   "id": "242e6a0c-eab5-4249-804f-239a2bea56b5",
   "metadata": {},
   "outputs": [
    {
     "name": "stdout",
     "output_type": "stream",
     "text": [
      "[ 787.70910854  787.70910859  795.79809891  795.79809893  799.2651256\n",
      "  799.26512575  800.70794506  800.70794511  811.47706061  811.47706085\n",
      "  937.86539505  937.86539509  940.06616144  940.06616151  942.89500339\n",
      "  942.89500346  945.56905356  945.56905371  951.99071545  951.99071549\n",
      "  953.38369212  953.38369226 1160.85978254 1160.85978254 1164.35903471\n",
      " 1164.35903476 1167.9001387  1167.90013898 1172.75410478 1172.75410489\n",
      " 1185.24137358 1185.24137364 1186.36847174 1186.36847235 1189.62958987\n",
      " 1189.62958998 1525.85125673 1525.85125729 1535.9700026  1535.97000279\n",
      " 1551.8072343  1551.80723468 1558.71755168 1558.71755207 1597.34816273\n",
      " 1597.34816324 1610.05499808 1610.05499912 1617.37527656 1617.37527729\n",
      " 1626.13766348 1626.13766369]\n",
      "[4.92067548e-06 2.01444007e-06 6.42313484e-06 2.34863785e-06\n",
      " 3.45739430e-06 3.88936181e-06 8.46882017e-07 1.22283000e-06\n",
      " 5.51889472e-06 4.08790521e-06 5.02060165e-06 1.09639035e-05\n",
      " 9.65022131e-06 1.01228926e-05 1.26633664e-05 2.56626145e-06\n",
      " 8.82130355e-07 4.42265978e-06 3.21946645e-06 1.98126886e-05\n",
      " 8.06718840e-06 2.02018111e-06 2.03041057e-06 1.96335684e-06\n",
      " 4.31336057e-06 3.66756827e-07 5.46424792e-06 3.27531483e-06\n",
      " 6.57567884e-07 5.06661012e-07 9.13153494e-07 5.23296764e-06\n",
      " 1.29007479e-06 3.02248853e-06 1.78630820e-06 3.29221406e-06\n",
      " 3.59269529e-07 1.81729191e-07 1.02632782e-06 8.93055548e-08\n",
      " 2.32297975e-07 2.07103363e-07 3.44130217e-07 2.96298650e-07\n",
      " 1.14480666e-07 7.37783738e-07 6.14225505e-07 6.39230173e-07\n",
      " 4.30120238e-07 5.21349498e-07 9.54396684e-08 1.20123657e-07]\n"
     ]
    },
    {
     "data": {
